[
  {
    "preset": "granadero",
    "gender": "male",
    "maximumQuaternionComponentDifferenceFromCandidate": 3.427267074584961e-07,
    "maximumLocalFingerDifferenceWithRotatedHands": 1.3709068298339844e-06,
    "bones": {
      "index_01_l": [
        0.5835451483726501,
        0.2829320430755615,
        -0.1412588208913803,
        0.747977614402771
      ],
      "index_02_l": [
        0.65525883436203,
        0.013020816259086132,
        0.16449294984340668,
        0.7371624112129211
      ],
      "index_03_l": [
        0.33804917335510254,
        0.0006154350121505558,
        0.09147632867097855,
        0.936672031879425
      ],
      "middle_01_l": [
        0.5922399163246155,
        0.2536528408527374,
        -0.16273155808448792,
        0.7472821474075317
      ],
      "middle_02_l": [
        0.7231062054634094,
        -0.008140264078974724,
        0.10952498763799667,
        0.68194979429245
      ],
      "middle_03_l": [
        0.354290634393692,
        0.011765643022954464,
        0.053904153406620026,
        0.9335063695907593
      ],
      "pinky_01_l": [
        0.6061241626739502,
        0.19409281015396118,
        -0.2092200219631195,
        0.7424072623252869
      ],
      "pinky_02_l": [
        0.6291803121566772,
        -0.003021404379978776,
        0.013271368108689785,
        0.777140200138092
      ],
      "pinky_03_l": [
        0.3583599925041199,
        -0.022327452898025513,
        -0.002406839746981859,
        0.9333133101463318
      ],
      "ring_01_l": [
        0.6034485101699829,
        0.23914434015750885,
        -0.17314685881137848,
        0.7407293319702148
      ],
      "ring_02_l": [
        0.6679573655128479,
        0.011248423717916012,
        0.10126779228448868,
        0.7371915578842163
      ],
      "ring_03_l": [
        0.35349977016448975,
        -0.0006542530609294772,
        0.058869265019893646,
        0.9335801601409912
      ],
      "thumb_01_l": [
        0.25489258766174316,
        0.6124691367149353,
        0.5224177837371826,
        0.5357155203819275
      ],
      "thumb_02_l": [
        0.2984168231487274,
        -0.12253488600254059,
        -0.1775292009115219,
        0.929739773273468
      ],
      "thumb_03_l": [
        0.22031407058238983,
        0.1110566258430481,
        -0.13582701981067657,
        0.9595202803611755
      ],
      "index_01_r": [
        0.5835451483726501,
        -0.2829320430755615,
        0.1412588208913803,
        0.747977614402771
      ],
      "index_02_r": [
        0.65525883436203,
        -0.013020816259086132,
        -0.16449294984340668,
        0.7371624112129211
      ],
      "index_03_r": [
        0.33804917335510254,
        -0.0006154350121505558,
        -0.09147632867097855,
        0.936672031879425
      ],
      "middle_01_r": [
        0.5922399163246155,
        -0.2536528408527374,
        0.16273155808448792,
        0.7472821474075317
      ],
      "middle_02_r": [
        0.7231062054634094,
        0.008140264078974724,
        -0.10952498763799667,
        0.68194979429245
      ],
      "middle_03_r": [
        0.354290634393692,
        -0.011765643022954464,
        -0.053904153406620026,
        0.9335063695907593
      ],
      "pinky_01_r": [
        0.6061241626739502,
        -0.19409281015396118,
        0.2092200219631195,
        0.7424072623252869
      ],
      "pinky_02_r": [
        0.6291803121566772,
        0.003021404379978776,
        -0.013271368108689785,
        0.777140200138092
      ],
      "pinky_03_r": [
        0.3583599925041199,
        0.022327452898025513,
        0.002406839746981859,
        0.9333133101463318
      ],
      "ring_01_r": [
        0.6034485101699829,
        -0.23914434015750885,
        0.17314685881137848,
        0.7407293319702148
      ],
      "ring_02_r": [
        0.6679573655128479,
        -0.011248423717916012,
        -0.10126779228448868,
        0.7371915578842163
      ],
      "ring_03_r": [
        0.35349977016448975,
        0.0006542530609294772,
        -0.058869265019893646,
        0.9335801601409912
      ],
      "thumb_01_r": [
        0.25489258766174316,
        -0.6124691367149353,
        -0.5224177837371826,
        0.5357155203819275
      ],
      "thumb_02_r": [
        0.2984168231487274,
        0.12253488600254059,
        0.1775292009115219,
        0.929739773273468
      ],
      "thumb_03_r": [
        0.22031407058238983,
        -0.1110566258430481,
        0.13582701981067657,
        0.9595202803611755
      ]
    }
  },
  {
    "preset": "woman-scout",
    "gender": "female",
    "maximumQuaternionComponentDifferenceFromCandidate": 3.844499588012695e-06,
    "maximumLocalFingerDifferenceWithRotatedHands": 4.380941390991211e-06,
    "bones": {
      "index_01_l": [
        0.5611680746078491,
        0.3530859351158142,
        -0.19928403198719025,
        0.7215999960899353
      ],
      "index_02_l": [
        0.656191885471344,
        0.01686416193842888,
        0.16073092818260193,
        0.7370843887329102
      ],
      "index_03_l": [
        0.3385266661643982,
        -0.003830720903351903,
        0.08969347923994064,
        0.936664342880249
      ],
      "middle_01_l": [
        0.5663931965827942,
        0.31953397393226624,
        -0.22476139664649963,
        0.7256577014923096
      ],
      "middle_02_l": [
        0.7255541682243347,
        -0.00919927004724741,
        0.09192150086164474,
        0.6819361448287964
      ],
      "middle_03_l": [
        0.3552961051464081,
        0.017265520989894867,
        0.04682104289531708,
        0.9334207773208618
      ],
      "pinky_01_l": [
        0.5737175941467285,
        0.25526440143585205,
        -0.27569371461868286,
        0.7277920842170715
      ],
      "pinky_02_l": [
        0.6292439103126526,
        -0.004540023859590292,
        -0.009820016101002693,
        0.7771326303482056
      ],
      "pinky_03_l": [
        0.35821324586868286,
        -0.007406819611787796,
        -0.010527461767196655,
        0.9335510730743408
      ],
      "ring_01_l": [
        0.5810089707374573,
        0.31859612464904785,
        -0.2249433994293213,
        0.714370846748352
      ],
      "ring_02_l": [
        0.6703787446022034,
        -0.02022729255259037,
        0.08375194668769836,
        0.7369998693466187
      ],
      "ring_03_l": [
        0.3558301031589508,
        0.02075180597603321,
        0.04257361963391304,
        0.9333497285842896
      ],
      "thumb_01_l": [
        0.24470816552639008,
        0.6773430109024048,
        0.5521165728569031,
        0.4201091527938843
      ],
      "thumb_02_l": [
        0.4721909463405609,
        -0.08221007883548737,
        -0.17173196375370026,
        0.8606888651847839
      ],
      "thumb_03_l": [
        0.11646714061498642,
        -0.024146191775798798,
        -0.05892782285809517,
        0.9911507964134216
      ],
      "index_01_r": [
        0.5611680746078491,
        -0.3530859351158142,
        0.19928403198719025,
        0.7215999960899353
      ],
      "index_02_r": [
        0.656191885471344,
        -0.01686416193842888,
        -0.16073092818260193,
        0.7370843887329102
      ],
      "index_03_r": [
        0.3385266661643982,
        0.003830720903351903,
        -0.08969347923994064,
        0.936664342880249
      ],
      "middle_01_r": [
        0.5663931965827942,
        -0.31953397393226624,
        0.22476139664649963,
        0.7256577014923096
      ],
      "middle_02_r": [
        0.7255541682243347,
        0.00919927004724741,
        -0.09192150086164474,
        0.6819361448287964
      ],
      "middle_03_r": [
        0.3552961051464081,
        -0.017265520989894867,
        -0.04682104289531708,
        0.9334207773208618
      ],
      "pinky_01_r": [
        0.5737175941467285,
        -0.25526440143585205,
        0.27569371461868286,
        0.7277920842170715
      ],
      "pinky_02_r": [
        0.6292439103126526,
        0.004540023859590292,
        0.009820016101002693,
        0.7771326303482056
      ],
      "pinky_03_r": [
        0.35821324586868286,
        0.007406819611787796,
        0.010527461767196655,
        0.9335510730743408
      ],
      "ring_01_r": [
        0.5810089707374573,
        -0.31859612464904785,
        0.2249433994293213,
        0.714370846748352
      ],
      "ring_02_r": [
        0.6703787446022034,
        0.02022729255259037,
        -0.08375194668769836,
        0.7369998693466187
      ],
      "ring_03_r": [
        0.3558301031589508,
        -0.02075180597603321,
        -0.04257361963391304,
        0.9333497285842896
      ],
      "thumb_01_r": [
        0.24470816552639008,
        -0.6773430109024048,
        -0.5521165728569031,
        0.4201091527938843
      ],
      "thumb_02_r": [
        0.4721909463405609,
        0.08221007883548737,
        0.17173196375370026,
        0.8606888651847839
      ],
      "thumb_03_r": [
        0.11646714061498642,
        0.024146191775798798,
        0.05892782285809517,
        0.9911507964134216
      ]
    }
  }
]